2221156
2221315
2221364
2221411
2221458
2221522
2221568
2221614
2221661
2221708
2221756
2221815
2221863
2221913
2221967
2222024
2222093
2222147
2222203
2222258
2222315
2222388
2222445
2222503
2222562
2222620
2222690
2222747
2222802
2222859
2222920
2222998
2223062
2223122
2223183
2223258
2223315
2223375
2223434
2223494
2223565
2223624
2223682
2223741
2223798
2223870
2223930
2223987
2224048
2224107
2224180
2224239
2224296
2224356
2224418
2224490
2224548
2224605
2224661
2224717
2224786
2224842
2224899
2224961
2225023
2225100
2225158
2225221
2225279
2225336
2225410
2225467
2225526
2225585
2225642
2225715
2225771
2225828
2225884
2225948
2226026
2226087
2226148
2226212
2226270
2226342
2226401
2226462
2226521
2226577
2226648
2226705
2226762
2226818
2226875
2226999
2227064
2227125
2227185
2227258
2227314
2227370
2227429
2227487
2227557
2227614
2227671
2227728
2227786
2227858
2227917
2227978
2228037
2228098
2228174
2228238
2228296
2228353
2228410
2228481
2228538
2228598
2228656
2228717
2228790
2228848
2228905
2228964
2229028
2229105
2229170
2229233
2229296
2229369
2229430
2229494
2229558
2229618
2229692
2229751
2229808
2229865
2229922
2229995
2230061
2230126
2230187
2230261
2230318
2230376
2230434
2230497
2230569
2230628
2230687
2230745
2230802
2230871
2230933
2230991
2231057
2231119
2231188
2231248
2231311
2231370
2231429
2231502
2231559
2231616
2231671
2231728
2231801
2231861
2231921
2231980
2232043
2232120
2232227
2232287
2232346
2232419
2232477
2232535
2232592
2232651
2232727
2232786
2232845
2232903
2232959
2233033
2233092
2233152
2233218
2233282
2233357
2233414
2233474
2233538
2233595
2233665
2233722
2233779
2233836
2233893
2233965
2234025
2234087
2234148
2234211
2234286
2234348
2234404
2234460
2234520
2234592
2234648
2234704
2234760
2234818
2234887
2234944
2235003
2235068
2235128
2235202
2235266
2235324
2235381
2235438
2235510
2235568
2235625
2235682
2235739
2235810
2235867
2235924
2235982
2236042
2236119
2236178
2236247
2236308
2236384
2236442
2236499
2236562
2236619
2236691
2236749
2236806
2236864
2236923
2236993
2237050
2237109
2237170
2237230
2237302
2237362
2237469
2237528
2237601
2237658
2237718
2237778
2237836
2237909
2237967
2238027
2238086
2238149
2238224
2238284
2238348
2238409
2238472
2238546
2238607
2238667
2238726
2238785
2238857
2238918
2238976
2239036
2239099
2239178
2239238
2239297
2239360
2239422
2239492
2239549
2239607
2239665
2239722
2239796
2239856
2239915
2239977
2240038
2240112
2240173
2240236
2240294
2240360
2240437
2240498
2240557
2240619
2240680
2240755
2240814
2240873
2240933
2240994
2241065
2241125
2241192
2241257
2241338
2241399
2241460
2241522
2241579
2241654
2241714
2241775
2241834
2241895
2241967
2242026
2242086
2242148
2242212
2242287
2242345
2242402
2242459
2242517
2242589
2242653
2242712
2242774
2242836
2242910
2242966
2243023
2243082
2243142
2243216
2243274
2243332
2243392
2243451
2243522
2243580
2243641
2243699
2243761
2243839
2243900
2243960
2244019
2244078
2244155
2244212
2244270
2244327
2244385
2244455
2244511
2244569
2244632
2244691
2244769
2244829
2244894
2244955
2245031
2245089
2245147
2245210
2245268
2245342
2245401
2245457
2245516
2245573
2245645
2245708
2245767
2245827
2245885
2245953
2246012
2246069
2246129
2246191
2246266
2246324
2246386
2246449
2246513
2246589
2246648
2246707
2246766
2246822
2246894
2246950
2247007
2247064
2247120
2247193
2247249
2247306
2247362
2247424
2247500
2247560
2247617
2247771
2247845
2247905
2247963
2248020
2248078
2248150
2248209
2248276
2248334
2248392
2248467
2248528
2248590
2248646
2248705
2248784
2248842
2248900
2248964
2249026
2249098
2249155
2249217
2249277
2249333
2249404
2249459
2249518
2249578
2249633
2249704
2249762
2249819
2249875
2249932
2250004
2250063
2250123
2250184
2250247
2250322
2250376
2250436
2250492
2250549
2250620
2250681
2250739
2250803
2250862
2250940
2250999
2251059
2251116
2251174
2251247
2251311
2251371
2251430
2251491
2251564
2251622
2251685
2251748
2251814
2251888
2251950
2252007
2252066
2252124
2252194
2252250
2252307
2252364
2252424
2252501
2252562
2252625
2252688
2252770
2252834
2252895
2252953
2253008
2253079
2253138
2253197
2253254
2253316
2253390
2253448
2253510
2253566
2253624
2253699
2253764
2253824
2253885
2253946
2254020
2254078
2254137
2254195
2254254
2254327
2254387
2254450
2254512
2254574
2254653
2254711
2254769
2254835
2254894
2254965
2255023
2255080
2255137
2255193
2255263
2255321
2255383
2255444
2255503
2255577
2255634
2255689
2255747
2255804
2255875
2255932
2255987
2256044
2256103
2256175
2256234
2256290
2256348
2256405
2256477
2256534
2256590
2256647
2256709
2256778
2256835
2256898
2256958
2257020
2257089
2257148
2257220
2257281
2257340
2257412
2257467
2257529
2257587
2257644
2257713
2257773
2257830
2257887
2258040
2258116
2258176
2258237
2258294
2258353
2258425
2258483
2258541
2258597
2258654
2258725
2258782
2258839
2258898
2258956
2259029
2259089
2259151
2259209
2259265
2259335
2259394
2259454
2259513
2259571
2259647
2259709
2259771
2259835
2259897
2259970
2260025
2260084
2260142
2260203
2260274
2260335
2260398
2260458
2260518
2260591
2260652
2260719
2260781
2260841
2260917
2260975
2261039
2261099
2261157
2261229
2261287
2261345
2261409
2261468
2261542
2261600
2261663
2261721
2261778
2261850
2261908
2261966
2262024
2262083
2262153
2262210
2262274
2262335
2262397
2262479
2262541
2262596
2262653
2262710
2262782
2262839
2262900
2262960
2263020
2263091
2263149
2263210
2263270
2263333
2263408
2263468
2263525
2263581
2263637
2263706
2263762
2263820
2263878
2263943
2264018
2264076
2264136
2264195
2264255
2264328
2264390
2264456
2264518
2264595
2264652
2264709
2264767
2264825
2264897
2264960
2265024
2265089
2265164
2265227
2265284
2265340
2265399
2265473
2265533
2265592
2265651
2265709
2265786
2265844
2265904
2265972
2266051
2266112
2266174
2266233
2266296
2266367
2266428
2266488
2266547
2266605
2266675
2266733
2266791
2266852
2266910
2266986
2267045
2267105
2267165
2267224
2267296
2267354
2267412
2267470
2267532
2267604
2267665
2267726
2267786
2267845
2267919
2267980
2268039
2268100
2268159
2268330
2268394
2268457
2268534
2268591
2268654
2268716
2268776
2268850
2268908
2268966
2269052
2269124
2269182
2269239
2269300
2269361
2269434
2269492
2269553
2269611
2269668
2269739
2269797
2269859
2269917
2269979
2270057
2270117
2270173
2270230
2270289
2270364
2270428
2270488
2270553
2270625
2270682
2270738
2270794
2270851
2270924
2270983
2271043
2271101
2271161
2271234
2271292
2271352
2271410
2271472
2271550
2271608
2271664
2271721
2271779
2271852
2271912
2271969
2272034
2272095
2272171
2272231
2272290
2272346
2272404
2272477
2272536
2272595
2272653
2272711
2272781
2272839
2272900
2272958
2273016
2273093
2273153
2273213
2273270
2273326
2273398
2273457
2273518
2273583
2273640
2273717
2273773
2273834
2273893
2273952
2274026
2274086
2274148
2274207
2274264
2274337
2274393
2274456
2274514
2274572
2274646
2274702
2274761
2274820
2274879
2274955
2275014
2275074
2275147
2275220
2275277
2275334
2275390
2275448
2275522
2275582
2275643
2275701
2275759
2275833
2275889
2275945
2276004
2276064
2276137
2276196
2276252
2276313
2276377
2276455
2276515
2276579
2276646
2276717
2276779
2276839
2276899
2276957
2277031
2277089
2277149
2277207
2277267
2277341
2277398
2277458
