2219596
2219628
2219640
2219653
2219665
2219679
2219691
2219707
2219719
2219732
2219757
2219782
2219807
2219832
2219857
2219882
2219907
2219932
2219957
2219982
2220007
2220032
2220057
2220082
2220107
2220132
2220157
2220182
2220207
2220232
2220257
2220282
2220307
2220332
2220357
2220382
2220407
2220432
2220457
2220482
2220507
2220532
2220557
2220582
2220607
2220632
2220657
2220682
2220707
2220732
2220757
2220782
2220807
2220832
2220857
2220883
2220907
2220933
2220957
2220982
2221007
2221032
2221057
2221082
2221107
2221132
2221157
2221182
2221207
2221232
2221257
2221282
2221307
2221332
2221357
2221382
2221407
2221432
2221457
2221482
2221507
2221532
2221557
2221582
2221607
2221632
2221657
2221682
2221707
2221732
2221757
2221782
2221807
2221832
2221857
2221882
2221907
2221932
2221957
2221982
2222007
2222032
2222057
2222082
2222107
2222132
2222157
2222182
2222207
2222232
2222257
2222282
2222307
2222332
2222357
2222382
2222407
2222432
2222457
2222482
2222507
2222532
2222557
2222582
2222607
2222632
2222657
2222682
2222707
2222732
2222757
2222782
2222807
2222832
2222857
2222882
2222907
2222932
2222957
2222982
2223007
2223032
2223057
2223082
2223107
2223132
2223157
2223182
2223207
2223232
2223257
2223282
2223307
2223332
2223357
2223382
2223407
2223432
2223457
2223482
2223507
2223532
2223557
2223582
2223607
2223632
2223657
2223682
2223707
2223732
2223757
2223782
2223807
2223832
2223857
2223882
2223907
2223932
2223957
2223982
2224007
2224032
2224057
2224082
2224107
2224132
2224157
2224182
2224207
2224232
2224257
2224282
2224307
2224332
2224357
2224382
2224407
2224432
2224457
2224482
2224507
2224532
2224557
2224582
2224607
2224632
2224657
2224682
2224707
2224732
2224757
2224782
2224807
2224832
2224857
2224882
2224907
2224932
2224957
2224982
2225007
2225032
2225057
2225082
2225107
2225132
2225157
2225182
2225207
2225232
2225257
2225282
2225307
2225332
2225357
2225382
2225407
2225432
2225457
2225482
2225507
2225532
2225557
2225582
2225607
2225632
2225657
2225682
2225707
2225732
2225757
2225782
2225807
2225832
2225857
2225882
2225907
2225932
2225957
2225982
2226007
2226032
2226057
2226082
2226107
2226132
2226157
2226182
2226207
2226232
2226257
2226282
2226307
2226332
2226357
2226382
2226407
2226432
2226457
2226482
2226507
2226532
2226557
2226582
2226607
2226632
2226657
2226682
2226707
2226732
2226757
2226782
2226807
2226832
2226857
2226882
2226907
2226932
2226957
2226982
2227007
2227032
2227057
2227082
2227107
2227132
2227157
2227182
2227214
2227232
2227257
2227282
2227307
2227332
2227357
2227382
2227407
2227432
2227457
2227482
2227507
2227532
2227557
2227582
2227607
2227632
2227657
2227682
2227707
2227732
2227757
2227782
2227807
2227832
2227857
2227882
2227907
2227932
2227957
2227982
2228007
2228032
2228057
2228082
2228107
2228132
2228157
2228182
2228207
2228232
2228257
2228282
2228307
2228332
2228357
2228382
2228407
2228432
2228457
2228482
2228507
2228532
2228557
2228582
2228607
2228632
2228657
2228682
2228707
2228732
2228757
2228782
2228807
2228832
2228857
2228882
2228907
2228932
2228957
2228982
2229007
2229032
2229057
2229082
2229107
2229132
2229157
2229182
2229207
2229232
2229257
2229282
2229307
2229332
2229357
2229382
2229407
2229432
2229457
2229482
2229507
2229532
2229557
2229582
2229607
2229632
2229657
2229682
2229707
2229732
2229757
2229782
2229807
2229832
2229857
2229882
2229907
2229932
2229957
2229982
2230007
2230032
2230057
2230082
2230107
2230132
2230157
2230182
2230207
2230232
2230257
2230282
2230307
2230332
2230357
2230382
2230407
2230432
2230457
2230482
2230507
2230532
2230557
2230582
2230607
2230632
2230657
2230682
2230707
2230732
2230757
2230782
2230807
2230832
2230857
2230882
2230907
2230932
2230957
2230982
2231007
2231032
2231057
2231082
2231107
2231133
2231157
2231182
2231207
2231232
2231257
2231282
2231307
2231332
2231357
2231382
2231407
2231432
2231457
2231482
2231507
2231532
2231557
2231582
2231607
2231632
2231657
2231682
2231707
2231732
2231757
2231782
2231807
2231832
2231857
2231882
2231907
2231932
2231957
2231982
2232007
2232032
2232057
2232082
2232107
2232132
2232157
2232182
2232207
2232232
2232257
2232282
2232307
2232332
2232357
2232382
2232407
2232460
2232470
2232482
2232507
2232532
2232557
2232582
2232607
2232632
2232657
2232682
2232707
2232732
2232757
2232782
2232807
2232832
2232857
2232882
2232907
2232932
2232957
2232982
2233007
2233032
2233057
2233082
2233107
2233132
2233157
2233182
2233207
2233232
2233257
2233282
2233307
2233332
2233357
2233382
2233407
2233432
2233457
2233482
2233507
2233532
2233557
2233582
2233607
2233632
2233657
2233682
2233707
2233732
2233757
2233782
2233807
2233832
2233857
2233882
2233907
2233932
2233957
2233982
2234007
2234032
2234057
2234082
2234107
2234132
2234157
2234182
2234207
2234232
2234257
2234282
2234307
2234332
2234357
2234382
2234407
2234432
2234457
2234482
2234507
2234532
2234557
2234582
2234607
2234632
2234657
2234682
2234707
2234732
2234757
2234782
2234807
2234832
2234857
2234882
2234907
2234932
2234957
2234982
2235007
2235032
2235057
2235082
2235107
2235132
2235157
2235182
2235207
2235232
2235257
2235282
2235307
2235332
2235357
2235382
2235407
2235432
2235457
2235482
2235507
2235532
2235557
2235582
2235607
2235632
2235657
2235682
2235707
2235732
2235757
2235782
2235807
2235832
2235857
2235882
2235907
2235932
2235957
2235982
2236007
2236032
2236058
2236082
2236107
2236132
2236157
2236182
2236207
2236232
2236257
2236282
2236307
2236332
2236357
2236382
2236407
2236433
2236457
2236482
2236507
2236532
2236557
2236582
2236607
2236632
2236657
2236682
2236707
2236732
2236757
2236782
2236807
2236832
2236857
2236882
2236907
2236932
2236957
2236982
2237007
2237032
2237057
2237082
2237107
2237132
2237157
2237182
2237207
2237232
2237257
2237282
2237307
2237332
2237357
2237382
2237407
2237432
2237457
2237482
2237507
2237532
2237557
2237582
2237607
2237632
2237657
2237714
2237725
2237736
2237757
2237782
2237807
2237832
2237857
2237882
2237907
2237932
2237957
2237982
2238007
2238032
2238057
2238082
2238107
2238132
2238157
2238182
2238207
2238232
2238257
2238282
2238308
2238332
2238357
2238382
2238407
2238432
2238457
2238483
2238507
2238532
2238557
2238582
2238607
2238632
2238657
2238682
2238707
2238732
2238757
2238782
2238807
2238832
2238857
2238882
2238907
2238932
2238957
2238982
2239007
2239032
2239057
2239082
2239107
2239132
2239157
2239182
2239207
2239232
2239257
2239282
2239307
2239332
2239357
2239382
2239407
2239432
2239457
2239482
2239507
2239532
2239557
2239582
2239607
2239632
2239657
2239682
2239707
2239732
2239757
2239782
2239807
2239832
2239857
2239882
2239907
2239932
2239957
2239982
2240007
2240032
2240057
2240082
2240107
2240132
2240157
2240182
2240207
2240232
2240257
2240282
2240307
2240332
2240357
2240382
2240407
2240432
2240457
2240482
2240507
2240532
2240557
2240582
2240607
2240632
2240657
2240682
2240707
2240732
2240757
2240782
2240807
2240832
2240857
2240882
2240907
2240932
2240958
2240982
2241007
2241032
2241057
2241082
2241107
2241132
2241157
2241182
2241207
2241232
2241257
2241282
2241307
2241332
2241357
2241382
2241407
2241432
2241457
2241482
2241507
2241532
2241557
2241582
2241607
2241632
2241657
2241682
2241707
2241732
2241757
2241782
2241807
2241832
2241857
2241882
2241907
2241932
2241957
2241982
2242007
2242032
2242057
2242082
2242107
2242132
2242157
2242182
2242207
2242232
2242257
2242282
2242307
2242332
2242357
2242382
2242407
2242432
2242457
2242482
2242507
2242532
2242557
2242582
2242607
2242632
2242657
2242682
2242707
2242732
2242757
2242782
2242807
2242832
2242857
2242882
2242907
2242932
2242957
2242982
2243007
2243032
2243057
2243082
2243107
2243132
2243157
2243182
2243207
2243232
2243257
2243282
2243307
2243332
2243357
2243382
2243407
2243432
2243457
2243482
2243507
2243532
2243557
2243582
2243607
2243632
2243657
2243682
2243707
2243732
2243757
2243782
2243807
2243832
2243857
2243882
2243907
2243932
2243957
2243982
2244007
2244032
2244057
2244082
2244107
2244132
2244157
2244182
2244207
2244232
2244257
2244282
2244307
2244332
2244357
2244382
2244407
2244432
2244457
2244482
2244507
2244532
2244557
2244582
2244607
2244632
2244657
2244682
2244707
2244732
2244757
2244782
2244807
2244832
2244860
2244882
2244907
2244932
2244958
2244982
2245007
2245032
2245057
2245082
2245107
2245132
2245157
2245182
2245207
2245232
2245257
2245282
2245307
2245332
2245357
2245382
2245407
2245432
2245457
2245482
2245507
2245532
2245557
2245582
2245607
2245632
2245657
2245682
2245707
2245732
2245757
2245782
2245807
2245832
2245857
2245882
2245907
2245932
2245957
2245982
2246007
2246032
2246057
2246082
2246107
2246132
2246157
2246182
2246207
2246232
2246257
2246282
2246307
2246332
2246357
2246382
2246407
2246432
2246457
2246482
2246507
2246532
2246557
2246582
2246607
2246632
2246657
2246682
2246707
2246732
2246757
2246782
2246807
2246832
2246857
2246882
2246907
2246932
2246957
2246982
2247007
2247032
2247057
2247082
2247107
2247132
2247157
2247182
2247207
2247232
2247257
2247282
2247307
2247332
2247357
2247382
2247407
2247432
2247457
2247482
2247507
2247532
2247557
2247582
2247607
2247632
2247657
2247682
2247707
2247732
2247757
2247782
2247807
2247832
2247857
2247882
2247907
2248012
2248023
2248034
2248046
2248056
2248069
2248082
2248107
2248132
2248157
2248182
2248207
2248232
2248257
2248282
2248307
2248332
2248357
2248382
2248407
2248432
2248457
2248482
2248507
2248532
2248557
2248582
2248607
2248632
2248657
2248682
2248707
2248732
2248757
2248782
2248807
2248832
2248857
2248882
2248907
2248932
2248957
2248982
2249007
2249032
2249057
2249082
2249107
2249132
2249157
2249182
2249207
2249232
2249257
2249282
2249307
2249332
2249357
2249382
2249407
2249432
2249457
2249482
2249507
2249532
2249557
2249582
2249607
2249632
2249657
2249682
2249707
2249732
2249757
2249782
2249807
2249832
2249857
2249882
2249907
2249932
2249957
2249982
2250007
2250032
2250057
2250082
2250107
2250132
2250157
2250182
2250207
2250232
2250257
2250282
2250307
2250332
2250357
2250382
2250407
2250432
2250457
2250482
2250507
2250532
2250557
2250582
2250607
2250632
2250657
2250682
2250707
2250732
2250757
2250782
2250807
2250832
2250857
2250882
2250907
2250932
2250957
2250982
2251007
2251032
2251057
2251082
2251107
2251132
2251158
2251182
2251207
2251232
2251257
2251282
2251307
2251332
2251357
2251382
2251407
2251432
2251457
2251482
2251507
2251532
2251557
2251582
2251607
2251632
2251657
2251682
2251707
2251732
2251757
2251782
2251807
2251832
2251857
2251882
2251907
2251932
2251957
2251982
2252007
2252032
2252057
2252082
2252107
2252132
2252157
2252182
2252207
2252232
2252257
2252282
2252307
2252332
2252357
2252382
2252407
2252432
2252457
2252482
2252507
2252532
2252557
2252582
2252607
2252632
2252657
2252682
2252707
2252732
2252757
2252782
2252807
2252832
2252857
2252882
2252907
2252932
2252957
2252982
2253007
2253032
2253057
2253082
2253107
2253132
2253157
2253182
2253207
2253232
2253257
2253282
2253307
2253332
2253357
2253382
2253407
2253432
2253457
2253482
2253507
2253532
2253557
2253582
2253607
2253632
2253657
2253682
2253707
2253732
2253757
2253782
2253807
2253832
2253857
2253882
2253907
2253932
2253957
2253982
2254007
2254032
2254057
2254082
2254107
2254132
2254157
2254182
2254207
2254232
2254257
2254282
2254307
2254332
2254357
2254382
2254407
2254432
2254457
2254482
2254507
2254532
2254557
2254582
2254607
2254632
2254657
2254682
2254707
2254732
2254757
2254782
2254807
2254832
2254857
2254882
2254907
2254932
2254957
2254982
2255007
2255032
2255057
2255082
2255107
2255132
2255157
2255182
2255207
2255232
2255257
2255282
2255307
2255332
2255357
2255382
2255407
2255432
2255457
2255482
2255507
2255532
2255557
2255582
2255607
2255632
2255657
2255682
2255707
2255732
2255757
2255782
2255807
2255832
2255857
2255882
2255907
2255932
2255957
2255982
2256007
2256032
2256057
2256082
2256107
2256132
2256157
2256182
2256207
2256232
2256257
2256282
2256307
2256332
2256357
2256382
2256407
2256432
2256457
2256482
2256507
2256532
2256557
2256582
2256607
2256632
2256657
2256682
2256707
2256732
2256757
2256782
2256807
2256832
2256857
2256882
2256907
2256932
2256957
2256982
2257007
2257032
2257057
2257082
2257107
2257132
2257157
2257182
2257207
2257232
2257258
2257282
2257307
2257332
2257357
2257382
2257407
2257432
2257457
2257482
2257507
2257532
2257557
2257582
2257607
2257632
2257657
2257682
2257707
2257732
2257757
2257782
2257807
2257832
2257857
2257882
2257907
2257932
2257957
2257982
2258007
2258032
2258057
2258082
2258107
2258132
2258157
2258258
2258270
2258287
2258300
2258313
2258326
2258337
2258357
2258382
2258407
2258432
2258457
2258482
2258507
2258532
2258557
2258582
2258607
2258632
2258657
2258682
2258707
2258732
2258757
2258782
2258807
2258832
2258857
2258882
2258907
2258932
2258957
2258982
2259007
2259032
2259057
2259082
2259107
2259132
2259157
2259182
2259207
2259232
2259257
2259282
2259307
2259332
2259357
2259382
2259407
2259432
2259457
2259482
2259507
2259532
2259557
2259582
2259607
2259632
2259657
2259682
2259707
2259732
2259757
2259782
2259807
2259832
2259857
2259882
2259907
2259932
2259957
2259982
2260007
2260032
2260057
2260082
2260107
2260132
2260157
2260182
2260207
2260232
2260257
2260282
2260307
2260332
2260357
2260382
2260407
2260432
2260457
2260482
2260507
2260532
2260557
2260582
2260607
2260632
2260657
2260682
2260707
2260732
2260757
2260782
2260807
2260832
2260857
2260882
2260907
2260932
2260957
2260982
2261007
2261032
2261057
2261082
2261107
2261132
2261157
2261182
2261207
2261232
2261257
2261282
2261307
2261332
2261357
2261382
2261407
2261432
2261457
2261482
2261507
2261532
2261557
2261582
2261607
2261632
2261657
2261682
2261707
2261732
2261757
2261782
2261807
2261832
2261857
2261882
2261907
2261932
2261957
2261982
2262007
2262032
2262057
2262082
2262107
2262132
2262157
2262182
2262207
2262232
2262257
2262282
2262307
2262332
2262357
2262382
2262407
2262432
2262457
2262482
2262507
2262532
2262557
2262582
2262607
2262632
2262657
2262682
2262707
2262732
2262757
2262782
2262807
2262832
2262857
2262882
2262907
2262932
2262957
2262982
2263007
2263032
2263057
2263082
2263107
2263132
2263157
2263182
2263207
2263232
2263257
2263282
2263307
2263332
2263357
2263382
2263407
2263432
2263457
2263482
2263507
2263532
2263557
2263582
2263607
2263632
2263657
2263682
2263707
2263732
2263757
2263782
2263807
2263832
2263857
2263882
2263907
2263932
2263957
2263982
2264007
2264032
2264057
2264082
2264107
2264132
2264157
2264182
2264207
2264232
2264257
2264282
2264307
2264332
2264357
2264382
2264407
2264432
2264457
2264482
2264507
2264532
2264557
2264582
2264607
2264632
2264657
2264682
2264707
2264732
2264757
2264782
2264807
2264832
2264857
2264882
2264907
2264932
2264957
2264982
2265007
2265032
2265057
2265082
2265107
2265132
2265157
2265182
2265207
2265232
2265257
2265282
2265307
2265332
2265357
2265382
2265407
2265432
2265457
2265482
2265507
2265532
2265557
2265582
2265607
2265632
2265657
2265682
2265707
2265732
2265757
2265782
2265807
2265832
2265857
2265882
2265907
2265932
2265957
2265982
2266007
2266032
2266057
2266082
2266107
2266132
2266157
2266182
2266207
2266232
2266257
2266282
2266307
2266332
2266357
2266382
2266407
2266432
2266457
2266482
2266507
2266532
2266557
2266582
2266607
2266632
2266657
2266682
2266707
2266732
2266757
2266782
2266807
2266832
2266857
2266882
2266907
2266932
2266957
2266982
2267007
2267032
2267057
2267082
2267107
2267132
2267157
2267182
2267207
2267232
2267257
2267282
2267307
2267332
2267357
2267382
2267407
2267432
2267457
2267482
2267507
2267532
2267557
2267582
2267607
2267632
2267657
2267682
2267707
2267732
2267757
2267782
2267807
2267832
2267857
2267882
2267907
2267932
2267957
2267982
2268007
2268032
2268057
2268082
2268107
2268132
2268157
2268182
2268207
2268232
2268257
2268282
2268307
2268332
2268357
2268382
2268407
2268432
2268457
2268559
2268575
2268587
2268600
2268611
2268623
2268640
2268660
2268682
2268707
2268732
2268757
2268782
2268807
2268832
2268857
2268882
2268907
2268932
2268957
2268982
2269007
2269032
2269057
2269082
2269107
2269132
2269157
2269182
2269216
2269232
2269257
2269282
2269307
2269332
2269357
2269382
2269407
2269432
2269457
2269482
2269507
2269532
2269557
2269582
2269607
2269632
2269657
2269682
2269707
2269732
2269757
2269782
2269807
2269832
2269857
2269882
2269907
2269932
2269957
2269982
2270007
2270032
2270057
2270082
2270107
2270132
2270157
2270182
2270207
2270232
2270257
2270282
2270307
2270332
2270357
2270382
2270407
2270432
2270457
2270482
2270507
2270532
2270557
2270582
2270607
2270632
2270657
2270682
2270707
2270732
2270757
2270782
2270807
2270832
2270857
2270882
2270908
2270932
2270957
2270982
2271007
2271032
2271057
2271082
2271107
2271132
2271157
2271182
2271207
2271232
2271257
2271282
2271307
2271332
2271357
2271382
2271407
2271432
2271457
2271482
2271507
2271532
2271557
2271582
2271607
2271632
2271657
2271682
2271707
2271732
2271757
2271782
2271807
2271832
2271857
2271882
2271907
2271932
2271957
2271982
2272007
2272032
2272057
2272083
2272107
2272132
2272157
2272182
2272207
2272232
2272258
2272283
2272307
2272332
2272357
2272382
2272408
2272432
2272457
2272482
2272507
2272532
2272557
2272582
2272607
2272632
2272657
2272682
2272707
2272732
2272757
2272782
2272807
2272832
2272857
2272882
2272907
2272932
2272957
2272982
2273007
2273032
2273057
2273082
2273107
2273132
2273157
2273182
2273207
2273232
2273257
2273282
2273308
2273332
2273357
2273382
2273407
2273432
2273457
2273482
2273507
2273532
2273557
2273582
2273607
2273632
2273657
2273682
2273707
2273732
2273757
2273782
2273808
2273832
2273857
2273882
2273907
2273932
2273957
2273982
2274007
2274032
2274057
2274082
2274107
2274132
2274157
2274182
2274207
2274232
2274257
2274282
2274307
2274332
2274357
2274382
2274407
2274432
2274457
2274482
2274507
2274532
2274557
2274582
2274607
2274632
2274657
2274682
2274707
2274732
2274757
2274782
2274807
2274832
2274857
2274882
2274907
2274932
2274957
2274982
2275007
2275032
2275057
2275082
2275107
2275132
2275157
2275182
2275207
2275232
2275257
2275282
2275307
2275332
2275357
2275382
2275407
2275432
2275457
2275482
2275507
2275532
2275557
2275582
2275607
2275632
2275657
2275682
2275707
2275732
2275757
2275782
2275807
2275832
2275857
2275882
2275907
2275932
2275957
2275982
2276007
2276032
2276057
2276082
2276107
2276132
2276157
2276182
2276207
2276232
2276257
2276282
2276307
2276332
2276357
2276382
2276407
2276432
2276457
2276482
2276507
2276532
2276557
2276582
2276607
2276632
2276657
2276682
2276707
2276732
2276757
2276782
2276807
2276832
2276857
2276882
2276907
2276932
2276957
2276982
2277007
2277032
2277057
2277082
2277107
2277132
2277157
2277182
2277207
2277232
2277257
2277282
2277307
2277332
2277357
2277382
2277407
2277432
2277457
2277482
2277507
2277532
2277557
2277582
2277607
2277632
2277657
2277682
2277707
2277732
2277757
2277782
